192
207
181
220
120
202
128
290
133
123
340
86
91
101
144
142
184
103
131
200
85
116
116
140
325
127
177
159
199
158
156
166
153
156
142
195
180
173
190
193
178
73
4
190
100
152
147
159
308
97
142
87
147
200
202
246
126
229
181
160
294
156
130
79
122
124
115
199
372
188
225
101
87
33
198
245
190
208
105
212
113
349
125
136
246
155
118
105
223
115
76
110
93
148
178
98
56
191
151
131
150
160
128
252
294
226
248
211
153
187
217
266
238
96
184
204
182
53
58
160
75
172
112
110
117
171
236
139
179
331
131
198
159
174
162
180
185
188
182
222
215
157
135
276
75
171
125
167
256
58
170
131
168
139
175
117
150
119
83
120
136
164
150
118
85
174
142
286
111
121
182
83
131
176
286
159
197
172
127
64
85
123
127
132
96
134
101
285
277
146
137
204
115
105
131
49
84
96
91
118
318
76
117
72
179
154
163
158
194
213
161
146
156
214
192
168
242
172
173
162
162
169
126
207
121
152
151
173
273
130
215
113
248
302
96
160
159
177
120
73
94
92
178
130
77
164
84
79
69
198
168
126
198
152
132
307
323
264
185
56
194
370
244
203
248
154
276
259
239
156
81
117
124
120
91
105
115
189
147
139
80
150
138
59
117
117
28
130
122
163
164
254
150
129
100
126
102
94
215
150
152
173
314
161
202
115
206
194
231
163
179
93
64
112
65
117
43
46
51
19
31
50
34
49
33
133
36
54
55
106
49
20
22
113
54
35
132
172
173
74
89
74
78
66
243
123
144
104
134
267
144
121
171
174
104
147
137
114
102
94
137
159
231
276
119
100
112
170
98
169
97
157
114
6
85
97
122
127
43
100
78
77
144
215
147
200
217
73
104
161
169
116
307
107
240
116
172
130
128
219
128
180
111
113
68
169
205
37
164
120
79
154
138
188
255
94
80
102
99
357
156
132
137
93
109
196
129
150
113
119
114
178
77
146
177
107
89
244
101
118
114
127
239
189
79
73
230
106
108
136
312
141
325
94
124
108
116
137
122
110
6
79
178
188
83
131
179
170
98
282
142
163
81
136
87
82
100
110
113
132
200
199
60
108
50
43
119
146
99
95
84
190
113
133
141
172
177
00000000000000000000000000000000000000000000000000000000000000000000000000000000000000000000000000000000
26
140
88
144
103
201
115
141
87
138
116
132
147
227
200
134
102
83
171
116
100
105
90
101
249
162
103
109
186
105
175
133
113
129
57
97
123
147
107
132
172
150
86
140
181
138
168
353
116
231
183
148
158
70
44
78
150
122
147
119
129
275
157
157
169
175
185
95
66
124
159
118
222
149
129
237
127
188
143
162
186
132
123
113
69
126
161
175
129
129
89
00000000000000000000000000000000000000000000000000000000000000000000000000000000000000000000000000000000
59
61
103
227
34
95
116
123
186
101
123
129
205
131
92
281
113
154
113
177
155
138
138
197
106
101
227
124
162
126
120
138
178
133
126
78
107
150
206
129
148
137
87
155
162
96
100
113
221
101
119
106
233
181
163
82
108
98
130
136
128
110
183
181
140
97
161
87
265
208
191
74
70
78
84
88
90
150
172
211
155
188
124
144
110
138
183
130
115
137
215
124
178
144
149
123
164
163
191
157
141
186
114
113
129
100
123
171
124
79
210
114
158
109
178
194
179
153
119
166
178
94
174
110
138
197
194
194
180
203
125
130
115
159
359
139
101
43
105
61
58
74
131
68
59
180
188
112
194
313
197
231
230
276
157
200
186
174
91
252
131
130
202
90
131
73
90
115
110
97
276
83
105
110
81
112
181
183
292
66
112
40
101
110
98
92
119
140
110
206
144
156
133
133
12
00000000000000000000000000000000000000000000000000000000000000000000000000000000000000000000000000000000
39
6
26
193
110
132
91
128
171
157
138
123
131
172
157
50
70
124
107
160
160
79
216
113
105
304
58
132
88
258
189
208
142
97
110
98
127
182
221
255
213
210
133
154
213
159
93
127
109
126
136
133
186
117
127
230
111
269
176
119
228
73
112
157
116
195
202
111
92
177
170
201
204
127
151
247
259
180
151
193
153
157
143
156
252
184
195
246
88
164
80
133
76
218
140
103
154
113
115
206
93
69
170
161
120
124
98
177
116
91
258
209
105
189
88
72
88
99
129
141
131
56
72
263
203
43
96
207
193
253
132
194
199
151
216
263
106
183
170
106
149
135
110
145
97
94
52
233
192
99
121
166
162
193
89
173
182
170
85
194
132
114
174
135
157
131
133
143
155
129
117
95
236
204
165
156
122
114
119
69
111
141
101
330
105
95
88
117
149
266
184
110
136
316
248
184
167
127
98
147
126
27
109
147
186
87
83
110
147
119
177
71
146
129
134
90
184
120
88
157
171
122
66
144
117
86
239
121
259
108
363
188
152
134
185
145
138
99
93
92
179
208
130
94
189
190
154
181
222
165
201
179
185
139
174
183
161
249
253
173
92
168
262
218
316
206
150
64
108
121
57
78
130
117
71
59
112
48
63
75
108
62
108
57
213
85
96
125
119
137
149
90
174
114
145
118
122
87
88
98
26
28
127
93
177
90
224
191
129
126
44
156
100
261
100
153
175
268
236
4
267
101
248
58
39
27
140
109
71
131
177
31
250
298
151
128
204
114
87
102
33
133
56
65
22
17
25
33
32
160
135
144
174
72
234
164
97
176
185
168
148
125
48
68
73
3
42
274
201
194
202
188
195
255
213
182
215
203
242
208
147
192
116
28
183
29
107
318
110
95
137
97
84
208
165
109
50
113
90
144
145
242
206
204
138
182
125
146
57
133
180
118
240
171
169
86
130
152
199
212
206
117
204
189
198
126
141
86
66
100
73
131
70
128
153
80
108
149
40
183
91
150
256
155
189
156
318
224
137
190
81
128
64
98
332
220
244
230
237
167
182
104
99
143
105
77
118
88
134
111
162
104
169
100
132
119
140
147
87
110
143
147
92
176
87
199
73
144
103
87
57
93
117
213
97
189
99
62
124
75
87
61
75
65
104
41
82
145
82
48
71
82
77
82
100
159
140
214
305
217
294
117
194
112
155
277
72
147
53
136
129
9
283
97
137
254
240
271
220
240
199
242
241
173
57
48
75
87
56
62
209
181
158
245
177
98
126
176
137
88
162
136
73
133
153
162
93
121
189
67
94
110
236
102
116
183
96
109
109
107
82
187
114
106
261
138
140
177
251
155
122
103
151
342
168
138
129
118
74
181
100
79
75
90
52
15
119
153
99
86
109
68
123
107
156
189
297
204
207
250
272
269
106
261
185
148
138
161
127
57
81
37
91
73
194
80
87
117
71
76
161
84
104
64
69
65
320
108
214
213
212
136
188
73
204
126
256
211
194
145
263
96
177
113
132
7
206
115
283
151
26
129
235
113
185
130
42
118
117
111
135
279
246
196
188
127
249
131
190
182
172
94
96
193
247
87
263
116
146
177
106
172
144
130
271
149
238
84
127
223
169
167
204
132
142
000000000000000000000000000000000000000000000000000000000000000000000000000000000112
198
118
166
156
148
355
114
103
103
129
120
163
103
78
111
156
129
107
150
138
102
148
142
133
201
202
208
109
201
125
67
107
131
211
122
241
54
207
379
159
151
142
220
133
109
108
124
95
121
146
92
102
147
146
137
210
108
102
183
92
31
80
189
87
30
142
26
237
53
117
25
32
127
123
163
80
122
17
38
42
63
135
123
191
118
175
264
208
76
3
21
19
119
105
135
173
119
101
4
35
36
32
34
248
39
33
33
198
176
45
62
152
133
162
213
122
207
92
47
7
121
37
71
43
29
88
138
38
206
37
63
62
116
317
74
221
192
212
309
164
167
124
167
113
225
121
181
251
97
102
100
155
254
96
70
110
213
227
106
144
86
160
65
68
86
174
138
188
78
64
82
146
80
82
65
179
103
80
104
135
154
178
230
53
144
67
108
40
48
46
56
67
64
164
72
112
158
193
112
91
204
76
131
89
137
146
140
203
72
69
84
95
76
68
270
210
356
190
243
193
203
212
188
196
122
229
153
200
203
236
291
224
108
109
122
175
111
319
97
59
134
188
112
93
106
125
157
129
178
146
158
148
90
217
100
207
255
185
123
61
146
133
182
144
145
148
154
265
106
107
135
247
149
148
130
222
151
225
168
74
77
285
269
170
183
179
179
243
102
143
165
143
176
132
97
173
226
80
236
121
259
102
81
139
69
141
63
59
170
188
203
223
161
166
177
185
243
144
105
93
107
67
165
76
88
143
241
167
74
188
203
126
49
102
130
145
170
160
108
120
130
165
105
148
136
156
194
108
167
96
124
121
120
67
112
53
228
120
111
136
191
117
75
135
132
189
94
121
131
129
131
100
148
123
219
224
90
58
91
156
207
233
185
354
81
261
187
91
182
203
253
233
187
361
179
207
197
239
149
125
202
136
169
151
85
156
110
128
134
187
185
234
143
119
222
219
116
169
209
261
212
262
181
257
142
219
127
253
197
304
247
221
135
187
161
155
121
140
226
245
316
165
276
342
237
233
31
117
25
180
106
115
28
45
39
25
31
38
32
18
70
28
87
66
18
197
99
94
157
138
114
4
123
79
42
40
74
130
131
83
78
30
49
194
131
32
25
4
9
36
145
140
133
190
153
289
103
169
162
114
122
124
109
122
155
144
221
160
170
133
279
234
183
122
307
31
36
195
151
89
220
131
198
105
78
42
154
202
237
132
93
189
111
144
126
125
136
246
122
151
162
127
184
111
165
173
237
199
216
188
181
100
152
110
102
197
184
199
111
57
257
120
151
170
127
234
158
177
242
190
330
139
121
164
96
161
134
146
218
59
140
137
81
124
79
283
118
69
92
92
81
178
112
97
207
129
46
99
114
80
120
104
58
197
166
95
253
248
181
128
102
95
242
281
187
97
131
187
97
121
133
294
154
217
153
127
280
269
299
149
225
242
257
173
106
145
309
341
181
323
164
132
191
99
74
89
50
63
208
223
161
281
189
141
287
141
346
271
200
104
140
118
130
141
110
103
198
249
196
82
108
105
27
49
13
160
114
147
158
174
196
286
168
108
91
64
44
25
111
89
71
73
142
94
33
24
100
121
226
39
73
251
142
78
9
26
10
64
69
29
105
131
14
145
78
25
3
61
82
26
25
57
108
38
197
116
51
46
73
43
68
25
66
68
73
111
88
50
48
234
59
31
39
65
33
21
50
25
44
21
188
214
187
181
19
24
73
81
36
47
212
43
39
45
8
13
36
39
61
41
26
154
91
216
126
89
68
21
115
134
236
144
159
159
121
136
57
31
72
59
129
121
147
73
319
120
50
175
168
211
206
123
178
150
321
210
208
161
239
189
333
252
140
205
111
225
146
133
86
96
104
89
233
111
68
314
70
108
84
97
100
140
96
147
60
122
109
205
115
230
111
99
111
51
162
159
109
154
226
151
127
131
150
147
104
97
15
84
176
98
90
74
162
81
77
60
248
238
220
218
192
159
107
218
206
99
93
113
109
221
216
206
189
132
121
103
233
195
170
154
244
185
89
194
177
154
211
217
244
165
217
182
194
123
181
146
247
121
121
158
141
185
226
219
221
160
101
160
140
168
83
188
76
44
99
108
133
330
207
125
69
133
187
171
67
205
224
145
108
140
188
200
124
128
140
130
127
84
128
264
184
97
141
222
110
246
88
126
176
180
224
84
186
146
108
71
78
95
119
85
140
196
77
77
131
110
166
93
304
142
171
113
108
97
58
11
85
194
169
149
116
152
178
198
103
25
169
122
189
184
163
183
161
117
194
91
90
157
162
115
119
243
156
93
92
237
191
218
170
172
82
159
135
171
178
294
133
263
134
245
116
125
47
92
49
45
71
67
234
127
102
260
83
170
123
268
103
257
192
132
52
277
151
132
209
202
350
256
235
236
236
154
335
140
244
139
166
132
149
213
85
140
1
77
71
32
16
112
23
31
44
112
73
58
17
26
199
138
125
241
34
33
73
97
32
140
320
74
233
223
104
228
48
194
109
147
120
185
97
103
108
33
149
31
228
180
376
42
160
149
141
111
236
166
146
101
140
137
130
86
116
91
152
163
107
145
125
37
124
109
175
172
277
139
171
104
168
186
144
169
73
159
134
223
257
176
177
321
254
224
290
330
145
230
137
49
165
279
22
65
132
65
43
296
57
19
62
78
31
153
32
24
4
41
288
235
152
236
84
286
234
97
39
24
185
101
28
138
144
150
144
183
269
109
228
141
164
90
80
41
40
153
122
32
76
216
74
29
32
25
49
29
64
29
78
23
137
51
17
182
173
158
135
158
152
229
120
82
119
40
174
84
113
148
258
226
116
165
130
264
114
123
101
101
201
222
173
170
237
191
218
182
156
128
252
262
165
136
53
120
145
144
29
160
141
185
128
102
123
129
172
229
175
193
227
206
238
223
246
164
71
85
103
78
187
127
152
127
121
154
92
218
222
268
224
246
152
204
165
141
241
132
93
210
334
167
131
198
224
115
169
227
212
276
171
191
140
42
134
185
126
200
105
197
99
104
257
184
57
149
294
219
122
147
115
65
120
155
159
67
179
168
137
85
378
184
265
120
77
183
133
205
131
147
157
111
123
105
154
130
103
55
61
165
215
150
228
149
202
223
282
236
284
203
184
297
314
306
200
85
116
192
138
11
109
18
38
68
31
228
61
28
69
39
25
17
38
151
164
107
124
104
39
84
111
63
48
40
33
198
69
38
51
22
99
27
46
32
40
6
57
36
190
40
9
40
54
40
21
44
191
157
127
167
131
38
35
16
170
84
167
190
155
155
132
195
160
174
54
92
81
40
107
126
268
101
141
138
261
118
55
100
159
94
130
121
183
108
124
172
116
221
177
278
145
206
184
149
174
171
244
143
123
135
83
201
161
132
176
143
223
169
208
110
250
234
242
294
298
262
72
133
100
100
107
156
209
159
126
223
225
85
199
269
139
251
115
137
277
200
308
17
233
147
189
291
127
180
53
131
203
203
191
277
172
224
134
151
147
224
166
109
55
48
210
216
202
142
225
176
167
140
161
250
274
250
55
203
152
152
204
213
317
74
258
259
233
212
76
31
215
294
193
126
17
40
18
40
118
203
119
174
119
166
189
218
138
129
40
42
202
116
110
107
314
64
100
2
36
112
28
31
96
12
32
13
3
340
8
64
262
31
103
232
181
118
133
174
145
225
196
175
81
97
90
137
36
164
152
172
222
193
141
191
217
170
156
184
145
187
149
238
170
156
244
184
166
95
85
112
113
157
139
176
179
113
192
216
153
217
185
150
57
231
152
269
160
123
155
214
145
204
152
125
101
107
68
65
127
96
76
154
214
78
86
75
67
126
84
104
218
88
276
188
201
296
139
136
223
235
196
185
246
158
235
212
65
250
236
237
212
287
85
103
125
117
99
50
149
88
106
74
266
252
144
129
131
137
137
145
117
338
171
131
113
169
52
48
66
182
110
204
110
202
91
215
239
220
175
114
167
127
147
157
207
193
210
244
63
194
349
180
194
124
34
25
307
51
150
259
123
105
40
61
123
234
88
82
115
32
27
7
253
109
222
11
100
28
32
18
258
137
11
26
36
138
132
212
188
118
86
203
106
125
89
114
119
122
199
153
77
133
244
118
208
123
282
128
39
201
106
92
117
174
139
142
145
166
191
113
160
112
162
205
171
281
206
131
118
149
177
227
173
162
181
224
123
205
126
321
360
248
186
213
90
167
100
111
72
168
258
233
111
154
127
131
79
150
121
123
126
114
58
123
97
151
152
105
84
105
178
200
129
109
136
197
166
133
124
193
105
101
161
268
120
103
112
85
195
168
152
89
144
173
194
261
92
75
80
293
185
206
208
147
131
142
178
187
144
195
118
145
275
133
126
198
233
239
90
86
207
144
163
71
233
72
163
193
132
143
241
149
206
138
151
101
158
113
44
76
115
47
101
107
59
54
135
245
226
180
111
164
222
178
209
172
197
184
259
173
190
139
219
141
162
227
215
140
163
255
233
98
154
281
297
3
194
193
208
170
100
82
135
170
237
122
234
229
174
329
170
84
103
51
332
269
142
212
58
320
199
79
63
52
15
110
123
50
21
29
255
75
48
59
32
24
14
124
69
25
151
128
114
116
97
168
198
189
163
32
40
38
165
243
178
197
242
15
23
41
122
132
122
158
164
120
123
194
119
87
112
121
145
287
100
162
245
187
149
53
101
20
65
95
55
48
139
55
25
35
144
290
66
66
53
107
137
146
263
114
89
127
119
100
127
160
90
136
120
209
152
185
128
104
147
181
232
172
169
64
153
255
92
91
333
201
103
118
91
125
121
96
121
128
107
252
135
89
113
147
225
275
105
241
115
62
91
114
143
127
119
96
81
110
146
120
64
158
112
140
134
192
77
188
112
128
116
98
192
126
329
101
55
242
325
218
189
368
197
172
158
184
172
148
110
212
211
82
133
70
238
197
197
104
139
125
125
143
130
150
247
193
137
143
95
138
123
118
132
135
156
112
137
133
65
67
86
57
70
50
53
106
43
269
99
85
88
65
352
80
162
209
262
218
223
242
188
236
331
257
228
154
190
293
202
240
172
246
140
316
179
176
36
136
150
154
26
57
28
58
73
67
23
34
133
207
236
181
23
46
48
18
25
119
126
142
128
55
146
153
42
142
40
9
45
62
12
40
40
36
47
167
103
232
152
124
196
104
259
224
74
78
98
130
92
70
6
59
24
3
35
52
75
29
101
150
118
127
103
268
189
150
142
96
109
243
194
123
186
45
90
78
105
22
91
154
42
102
95
47
125
92
162
40
101
102
84
87
142
277
247
271
158
96
155
132
96
92
104
121
91
334
108
316
177
143
194
173
238
158
199
147
98
78
116
134
146
132
187
210
83
68
225
123
171
169
142
130
153
155
124
206
311
149
217
306
156
208
300
173
141
329
70
111
101
125
104
98
79
122
151
114
145
198
98
99
143
80
129
67
51
117
114
104
109
81
104
106
174
286
72
113
52
83
100
165
196
124
257
218
104
180
83
56
94
52
92
306
206
234
204
133
220
349
194
146
170
89
187
207
75
153
131
144
104
146
170
78
337
129
210
167
121
128
113
274
107
158
266
170
234
111
143
109
85
142
255
148
228
288
152
155
85
233
137
260
109
262
215
178
154
113
144
126
88
98
319
186
245
199
42
122
316
153
140
163
236
183
189
132
151
173
183
157
98
170
127
159
180
215
88
86
81
88
61
108
154
83
76
156
304
142
148
99
171
190
173
231
159
167
143
286
242
114
115
108
148
138
182
160
114
187
163
167
137
209
139
199
51
67
114
109
222
297
302
304
269
171
175
146
80
160
210
66
203
219
239
236
225
173
300
177
120
27
139
205
209
152
162
96
239
146
121
151
354
165
162
287
95
174
127
146
160
171
315
138
123
117
224
165
154
135
202
285
201
146
295
194
238
211
111
82
238
226
252
192
164
227
136
266
142
202
144
257
179
134
127
217
153
109
169
111
87
138
178
119
137
93
130
139
155
283
229
354
189
224
177
130
124
99
176
181
353
193
281
188
222
216
268
97
170
182
134
182
108
252
222
147
210
149
152
117
250
179
170
130
172
6
24
179
36
22
5
12
24
54
24
188
147
136
106
206
179
314
329
290
258
204
146
102
94
238
86
82
213
38
31
2
31
53
84
36
63
29
157
34
80
80
68
102
16
35
35
29
204
185
174
226
312
75
64
59
239
39
76
46
127
171
98
70
45
28
203
29
40
86
132
2
55
140
248
68
24
29
171
74
34
32
79
29
96
158
222
237
212
123
163
139
189
113
103
138
214
97
111
132
199
114
263
180
109
145
95
162
275
161
197
163
166
130
106
123
135
140
96
138
168
141
101
353
147
220
162
315
239
169
122
170
94
182
143
6
274
124
139
214
140
149
119
139
107
139
91
139
60
63
84
243
67
150
70
146
247
180
241
188
206
112
145
171
214
164
114
148
126
297
258
117
256
231
172
116
289
287
250
325
208
61
249
169
117
47
304
109
126
76
194
171
273
157
247
146
262
273
131
99
14
190
84
90
56
119
194
107
127
220
138
29
162
149
127
195
150
165
255
136
156
322
202
108
209
91
133
207
286
81
103
117
112
320
99
102
128
82
58
24
43
26
26
228
83
152
125
122
264
182
163
116
116
140
127
100
217
150
130
169
138
224
234
144
173
56
40
21
65
13
27
91
82
22
40
116
24
21
59
30
160
32
197
101
171
139
86
22
32
220
140
93
82
95
57
138
61
111
38
178
164
47
62
49
34
54
49
44
176
203
88
107
12
6
66
51
40
22
51
16
51
57
53
6
32
55
32
299
48
52
30
51
96
70
6
55
67
64
159
232
202
133
168
82
130
62
138
89
75
95
190
67
80
82
82
91
74
109
259
149
114
279
236
119
156
147
169
120
312
224
189
178
258
199
145
193
175
221
159
165
104
198
209
118
193
172
169
202
204
123
99
33
73
69
77
94
89
60
79
79
211
195
247
323
126
198
200
207
138
123
173
281
124
108
119
107
180
169
129
153
110
196
129
164
135
84
270
66
60
67
140
116
48
83
331
54
320
64
267
88
79
168
185
113
141
182
52
149
59
214
34
143
220
126
123
91
97
73
137
127
63
224
71
140
133
79
135
62
198
92
180
85
65
154
196
101
262
113
59
238
53
142
129
69
167
147
208
147
114
75
68
189
101
150
106
111
114
84
112
121
187
155
156
142
309
146
340
140
112
121
193
172
100
116
90
63
67
75
96
78
88
96
101
88
117
187
177
133
272
266
110
94
94
180
175
120
137
154
187
122
139
108
251
143
297
103
194
144
160
198
161
129
120
139
145
128
140
317
90
182
46
142
114
140
124
252
199
256
147
159
191
132
116
216
143
88
133
228
162
217
94
160
128
159
141
77
90
147
310
143
148
97
141
136
134
183
146
124
306
113
101
110
135
166
106
174
123
205
131
196
99
175
224
207
177
185
148
171
238
233
191
218
123
321
60
268
96
104
247
120
214
181
266
239
239
164
123
172
238
23
234
187
173
104
167
138
188
121
91
151
178
162
100
107
153
170
242
310
189
209
130
154
198
83
161
180
169
169
81
152
129
103
108
95
97
304
28
70
166
203
208
183
296
195
